     0/499     8.23G    0.0359  0.006929         0   0.04283        26       640         1 0.0003028    0.3302    0.1463   0.01732  0.003479         0
     1/499     8.86G    0.0206  0.005147         0   0.02575        37       640         0         0    0.4102     0.208   0.01453  0.002268         0
     2/499     8.86G   0.01668  0.004083         0   0.02076        68       640    0.5895    0.4882    0.5346    0.3091   0.01331  0.001763         0
     3/499     8.86G   0.01534  0.003412         0   0.01875        60       640    0.5156    0.8065    0.5755    0.3334   0.01349  0.001553         0
     4/499     8.86G   0.01435  0.003038         0   0.01739        61       640    0.3953    0.9091    0.6327    0.3938   0.01243  0.001415         0
     5/499     8.86G   0.01374  0.002727         0   0.01647        48       640    0.4052    0.9237    0.6692    0.4172   0.01235  0.001323         0
     6/499     8.86G   0.01334  0.002562         0    0.0159        42       640     0.545    0.9007    0.7226    0.4534   0.01201  0.001257         0
     7/499     8.86G   0.01293  0.002407         0   0.01534        38       640    0.4484    0.9331    0.7306    0.4543   0.01238  0.001188         0
     8/499     8.86G    0.0127  0.002272         0   0.01497        40       640    0.4362    0.9403    0.7143    0.4688   0.01164  0.001167         0
     9/499     8.86G   0.01228  0.002191         0   0.01447        40       640    0.4758    0.9337    0.7509    0.5001   0.01183  0.001137         0
    10/499     8.86G    0.0121  0.002115         0   0.01421        57       640     0.502    0.9328    0.7517    0.5054   0.01181  0.001103         0
    11/499     8.86G   0.01191  0.002021         0   0.01393        53       640    0.4932    0.9249    0.7329    0.4944   0.01174  0.001112         0
    12/499     8.86G    0.0118  0.002015         0   0.01382        26       640    0.5191    0.9307    0.7378    0.5059   0.01147  0.001089         0
    13/499     8.86G   0.01145   0.00194         0   0.01339        43       640    0.5175    0.9267    0.7589    0.5171   0.01169  0.001088         0
    14/499     8.86G   0.01135  0.001884         0   0.01324        35       640    0.5396    0.9267    0.7682    0.5335    0.0112  0.001068         0
    15/499     8.86G    0.0112   0.00188         0   0.01308        37       640    0.5206    0.9225    0.7556    0.5197   0.01154  0.001089         0
    16/499     8.86G   0.01114  0.001855         0     0.013        31       640    0.4827    0.9255    0.7428    0.5152   0.01137  0.001109         0
    17/499     8.86G    0.0109  0.001801         0    0.0127        33       640    0.5107    0.9228    0.7405    0.5154   0.01145  0.001097         0
    18/499     8.86G   0.01071  0.001767         0   0.01248        25       640    0.4767    0.9331    0.7312    0.5066   0.01139  0.001123         0
    19/499     8.86G   0.01079  0.001795         0   0.01259        33       640    0.5103    0.9273    0.7365    0.5157   0.01131  0.001083         0
    20/499     8.86G   0.01056  0.001754         0   0.01231        40       640    0.4896      0.94    0.7449    0.5171   0.01152  0.001088         0
    21/499     8.86G   0.01056  0.001724         0   0.01228        35       640      0.51     0.931     0.729     0.508   0.01157  0.001082         0
    22/499     8.86G   0.01035  0.001668         0   0.01202        36       640     0.533    0.9294    0.7527    0.5258   0.01149  0.001081         0
    23/499     8.86G   0.01035  0.001693         0   0.01204        53       640    0.5415    0.9319    0.7688    0.5386   0.01143  0.001075         0
    24/499     8.86G   0.01032  0.001657         0   0.01198        40       640    0.5396    0.9261    0.7656    0.5357   0.01153  0.001071         0
    25/499     8.86G    0.0101  0.001633         0   0.01174        50       640    0.5101    0.9249    0.7392    0.5181   0.01138  0.001102         0
    26/499     8.86G   0.01011  0.001628         0   0.01174        36       640    0.5178    0.9334    0.7421    0.5194   0.01139  0.001096         0
    27/499     8.86G   0.01001  0.001634         0   0.01164        41       640    0.5158    0.9288    0.7565     0.528   0.01142  0.001113         0
    28/499     8.86G   0.01002   0.00159         0   0.01161        49       640    0.4854    0.9361     0.755    0.5327   0.01131  0.001113         0
    29/499     8.86G  0.009918  0.001592         0   0.01151        43       640      0.47    0.9282    0.7493    0.5235   0.01145  0.001115         0
    30/499     8.86G  0.009994  0.001569         0   0.01156        36       640    0.4989    0.9202    0.7699    0.5463   0.01134  0.001107         0
    31/499     8.86G  0.009825  0.001577         0    0.0114        34       640    0.4833    0.9222    0.7392    0.5227   0.01131   0.00112         0
    32/499     8.86G  0.009675  0.001542         0   0.01122        50       640     0.496    0.9337    0.7604    0.5363   0.01133  0.001097         0
    33/499     8.86G  0.009692  0.001524         0   0.01122        45       640    0.4916    0.9219    0.7672    0.5437   0.01132  0.001105         0
    34/499     8.86G  0.009658  0.001514         0   0.01117        47       640    0.4666    0.9208    0.7575    0.5404    0.0112  0.001136         0
    35/499     8.86G  0.009552  0.001525         0   0.01108        41       640    0.4927    0.9349    0.7739    0.5513   0.01104  0.001098         0
    36/499     8.86G  0.009543  0.001505         0   0.01105        47       640      0.52    0.9194    0.7924     0.565   0.01112  0.001107         0
    37/499     8.86G  0.009604  0.001536         0   0.01114        59       640    0.5027    0.9219    0.7644    0.5416   0.01109  0.001113         0
    38/499     8.86G    0.0094  0.001501         0    0.0109        73       640    0.5085    0.9164    0.7718    0.5543   0.01107  0.001116         0
    39/499     8.86G  0.009426  0.001485         0   0.01091        61       640    0.4986    0.9303    0.7573     0.539   0.01109  0.001112         0
    40/499     8.86G  0.009404  0.001502         0   0.01091        62       640    0.4728    0.9231    0.7593    0.5415   0.01105  0.001131         0
    41/499     8.86G  0.009413  0.001486         0    0.0109        56       640    0.4753    0.9246    0.7833    0.5627   0.01107  0.001111         0
    42/499     8.86G  0.009361   0.00147         0   0.01083        45       640    0.4874     0.911    0.7761    0.5573   0.01109  0.001127         0
    43/499     8.86G  0.009284  0.001456         0   0.01074        23       640    0.5056    0.9046    0.7687    0.5478   0.01121   0.00114         0
    44/499     8.86G   0.00926   0.00144         0    0.0107        64       640    0.4641    0.9134    0.7608    0.5414   0.01123   0.00114         0
    45/499     8.86G   0.00929  0.001454         0   0.01074        51       640    0.4724    0.9061    0.7547    0.5377   0.01112  0.001165         0
    46/499     8.86G  0.009233  0.001424         0   0.01066        42       640    0.5129    0.9125    0.7699    0.5474   0.01123  0.001133         0
    47/499     8.86G  0.009191  0.001449         0   0.01064        46       640    0.5134    0.9122    0.7805    0.5587   0.01112   0.00112         0
    48/499     8.86G  0.009047  0.001428         0   0.01047        31       640     0.516    0.9164    0.7816    0.5577   0.01109  0.001115         0
    49/499     8.86G  0.009106   0.00142         0   0.01053        70       640    0.5099    0.9185      0.78    0.5577   0.01105  0.001103         0
    50/499     8.86G  0.009052  0.001401         0   0.01045        40       640    0.5174    0.9143     0.776    0.5531   0.01105  0.001101         0
    51/499     8.86G  0.008979  0.001415         0   0.01039        33       640    0.5359     0.921    0.7839     0.559   0.01105  0.001081         0
    52/499     8.86G  0.008983  0.001416         0    0.0104        35       640    0.5197    0.9197    0.7755    0.5535     0.011  0.001088         0
    53/499     8.86G  0.008892  0.001401         0   0.01029        35       640    0.5025    0.9182    0.7769    0.5548   0.01111    0.0011         0
    54/499     8.86G   0.00887  0.001362         0   0.01023        46       640    0.5085    0.9185    0.7913    0.5643   0.01108  0.001085         0
    55/499     8.86G   0.00888   0.00141         0   0.01029        59       640    0.4991    0.9216    0.7825    0.5586   0.01108  0.001096         0
    56/499     8.86G   0.00888  0.001389         0   0.01027        39       640    0.4872    0.9225    0.7655    0.5467   0.01106  0.001107         0
    57/499     8.86G  0.008959  0.001403         0   0.01036        27       640    0.4849     0.921    0.7624    0.5444   0.01109  0.001109         0
    58/499     8.86G  0.008772  0.001391         0   0.01016        57       640    0.4681    0.9185     0.751    0.5348   0.01117  0.001132         0
    59/499     8.86G  0.008823  0.001363         0   0.01019        36       640    0.4643    0.9182    0.7451    0.5302   0.01109  0.001133         0
    60/499     8.86G  0.008763  0.001348         0   0.01011        43       640    0.4858      0.92    0.7479    0.5337   0.01101  0.001123         0
    61/499     8.86G  0.008664  0.001339         0      0.01        53       640    0.4989    0.9173    0.7547    0.5427   0.01092  0.001114         0
    62/499     8.86G  0.008665  0.001366         0   0.01003        51       640    0.4906    0.9188    0.7635    0.5485   0.01093  0.001106         0
    63/499     8.86G  0.008696  0.001365         0   0.01006        32       640    0.4851    0.9134    0.7496    0.5368   0.01099  0.001125         0
    64/499     8.86G  0.008653  0.001354         0   0.01001        55       640    0.4736    0.9134    0.7531    0.5404   0.01097  0.001138         0
    65/499     8.86G  0.008503  0.001326         0  0.009829        41       640     0.477    0.9128    0.7618    0.5457   0.01099  0.001135         0
    66/499     8.86G   0.00858  0.001316         0  0.009895        43       640     0.493    0.9176    0.7706    0.5536   0.01095   0.00112         0
    67/499     8.86G  0.008476  0.001335         0  0.009811        44       640    0.5022    0.9191    0.7733    0.5553   0.01095  0.001121         0
    68/499     8.86G  0.008606   0.00133         0  0.009936        31       640    0.5077    0.9143    0.7722    0.5536   0.01093  0.001127         0
    69/499     8.86G  0.008554  0.001336         0  0.009891        59       640    0.4996    0.9146    0.7714    0.5537   0.01091  0.001128         0
    70/499     8.86G  0.008505  0.001323         0  0.009828        52       640    0.4931     0.917    0.7656    0.5496   0.01091  0.001133         0
    71/499     8.86G  0.008415  0.001308         0  0.009723        46       640    0.4857    0.9197    0.7611    0.5474   0.01089  0.001137         0
    72/499     8.86G  0.008433  0.001309         0  0.009742        38       640    0.4889     0.917    0.7604    0.5458   0.01092  0.001144         0
    73/499     8.86G  0.008462  0.001308         0  0.009771        50       640    0.4933    0.9102    0.7546    0.5409   0.01096  0.001152         0
    74/499     8.86G  0.008501  0.001306         0  0.009807        47       640    0.4952    0.9085    0.7551    0.5406   0.01099  0.001153         0
    75/499     8.86G  0.008398  0.001289         0  0.009687        40       640    0.5042    0.9113    0.7587    0.5428   0.01099  0.001145         0
    76/499     8.86G  0.008428  0.001298         0  0.009726        47       640    0.5126    0.9122    0.7549      0.54   0.01096  0.001139         0
    77/499     8.86G  0.008435  0.001286         0  0.009721        55       640    0.5183    0.9104    0.7562    0.5422   0.01095  0.001133         0
    78/499     8.86G  0.008417  0.001286         0  0.009703        60       640    0.5196    0.9107    0.7528      0.54   0.01093   0.00113         0
    79/499     8.86G   0.00835   0.00128         0   0.00963        60       640    0.5225    0.9134    0.7528    0.5383   0.01093  0.001125         0
    80/499     8.86G  0.008366  0.001291         0  0.009657        34       640    0.5218    0.9113    0.7468    0.5338   0.01095  0.001129         0
    81/499     8.86G  0.008288  0.001292         0  0.009581        34       640    0.5194    0.9098    0.7435    0.5324   0.01094  0.001132         0
    82/499     8.86G  0.008302  0.001259         0  0.009561        54       640    0.5208    0.9076     0.742    0.5306   0.01095  0.001135         0
    83/499     8.86G  0.008247  0.001272         0  0.009519        48       640    0.5231    0.9049    0.7439    0.5317   0.01094  0.001136         0
    84/499     8.86G  0.008236  0.001269         0  0.009505        29       640    0.5275    0.9046    0.7477     0.535   0.01093  0.001132         0
    85/499     8.86G  0.008208  0.001271         0  0.009479        42       640    0.5281    0.9052    0.7511     0.538   0.01092  0.001127         0
    86/499     8.86G  0.008258  0.001253         0  0.009511        65       640    0.5292     0.907    0.7548    0.5403   0.01091  0.001123         0
    87/499     8.86G   0.00818  0.001267         0  0.009447        51       640    0.5279    0.9079    0.7572    0.5418   0.01091  0.001123         0
    88/499     8.86G   0.00816  0.001247         0  0.009408        59       640     0.527    0.9076    0.7589    0.5429   0.01092  0.001123         0
    89/499     8.86G  0.008061   0.00125         0  0.009311        51       640    0.5237    0.9034    0.7575    0.5422   0.01094  0.001129         0
    90/499     8.86G  0.008208  0.001271         0   0.00948        49       640    0.5197    0.9034    0.7579    0.5427   0.01094  0.001131         0
    91/499     8.86G  0.008121  0.001251         0  0.009371        52       640    0.5153    0.9049    0.7572    0.5423   0.01095  0.001134         0
    92/499     8.86G  0.008103  0.001234         0  0.009336        31       640    0.5136    0.9055    0.7567    0.5419   0.01094  0.001135         0
    93/499     8.86G  0.008157  0.001247         0  0.009404        19       640    0.5098    0.9052    0.7544    0.5405   0.01094  0.001138         0
