     0/999     8.84G   0.03423  0.007108         0   0.04134       102       640         0         0     0.289    0.1052   0.02458  0.004063         0
     1/999     8.84G   0.02043  0.005054         0   0.02548        61       640    0.7764  0.006292    0.4759    0.1875   0.02252  0.002871         0
     2/999     8.84G   0.01706  0.003815         0   0.02088       102       640    0.3657    0.7353    0.4853    0.1858   0.02295   0.00237         0
     3/999     8.84G   0.01516  0.003109         0   0.01827        79       640    0.3775    0.8565    0.6026    0.2909   0.01873  0.002223         0
     4/999     8.84G   0.01438  0.002776         0   0.01715        55       640    0.3709    0.8297     0.568    0.2448   0.02046  0.002108         0
     5/999     8.84G   0.01358  0.002583         0   0.01616       101       640    0.3744    0.8849    0.6263    0.2833    0.0199  0.002002         0
     6/999     8.84G    0.0131  0.002451         0   0.01555        61       640    0.3948    0.8819    0.6246    0.3117    0.0187  0.001979         0
     7/999     8.84G   0.01274  0.002328         0   0.01507        83       640    0.4068    0.8756    0.6072    0.2967   0.01925  0.001985         0
     8/999     8.84G   0.01245  0.002269         0   0.01472        87       640    0.4255    0.8464    0.5579    0.2531    0.0206  0.001969         0
     9/999     8.85G   0.01213  0.002216         0   0.01435        87       640    0.4042    0.8844    0.5837    0.2899   0.01868  0.001969         0
    10/999     8.85G   0.01184  0.002119         0   0.01395        91       640    0.4466    0.8054     0.576    0.2772   0.02006  0.001971         0
    11/999     8.85G   0.01171  0.002099         0   0.01381        83       640    0.4761    0.8493    0.6323    0.3247   0.01875  0.001959         0
    12/999     8.85G   0.01152  0.002046         0   0.01357       105       640    0.4691    0.8281    0.6121    0.3125    0.0191  0.001941         0
    13/999     8.85G   0.01141  0.002001         0   0.01341        84       640    0.4663    0.8207    0.5912    0.3069   0.01874  0.001976         0
    14/999     8.85G   0.01128  0.001989         0   0.01326        74       640    0.4882    0.8163    0.6382    0.3288   0.01927  0.001953         0
    15/999     8.85G    0.0111  0.001953         0   0.01305        71       640    0.4681    0.8016    0.6247     0.328   0.01894  0.001981         0
    16/999     8.85G   0.01095  0.001929         0   0.01288       109       640    0.4864    0.8054    0.6466    0.3424   0.01922  0.001954         0
    17/999     8.85G   0.01083  0.001911         0   0.01274        77       640     0.478    0.8257    0.6207    0.3291   0.01893   0.00196         0
    18/999     8.85G   0.01076  0.001886         0   0.01265       111       640    0.4755    0.8116    0.6319    0.3428   0.01888  0.001976         0
    19/999     8.85G    0.0106  0.001861         0   0.01247        99       640    0.4757    0.8152    0.6032    0.3233   0.01879  0.002014         0
    20/999     8.85G   0.01056   0.00184         0    0.0124        77       640    0.5034    0.8188    0.6516    0.3458   0.01891  0.001981         0
    21/999     8.85G    0.0104  0.001831         0   0.01223        91       640    0.5039    0.8031    0.6498    0.3552   0.01891  0.001992         0
    22/999     8.85G   0.01043  0.001801         0   0.01223        75       640    0.5165    0.8256    0.6626    0.3574   0.01873  0.001988         0
    23/999     8.85G   0.01022   0.00177         0   0.01199        68       640    0.5051    0.8006    0.6379    0.3418   0.01928  0.002013         0
    24/999     8.85G   0.01016  0.001765         0   0.01193        82       640    0.5143    0.8275    0.6482    0.3492   0.01916  0.001971         0
    25/999     8.85G   0.01015  0.001768         0   0.01192        78       640    0.5057    0.8063    0.6403    0.3426   0.01911  0.002011         0
    26/999     8.85G   0.01006  0.001746         0    0.0118        73       640     0.482     0.828    0.6336    0.3404   0.01926  0.001993         0
    27/999     8.85G   0.01003  0.001728         0   0.01176        90       640    0.5024    0.8464    0.6662    0.3624   0.01897  0.001972         0
    28/999     8.85G  0.009857  0.001696         0   0.01155        91       640    0.5175     0.824    0.6586    0.3576   0.01928  0.001996         0
    29/999     8.85G  0.009822  0.001707         0   0.01153        86       640    0.4908    0.8471    0.6432    0.3527   0.01919  0.001985         0
    30/999     8.85G  0.009869  0.001689         0   0.01156        70       640    0.5213    0.7821    0.6673    0.3636   0.01916   0.00203         0
    31/999     8.85G  0.009731  0.001678         0   0.01141        71       640    0.5062    0.8304    0.6457    0.3487   0.01928  0.002001         0
    32/999     8.85G  0.009833  0.001673         0   0.01151        84       640    0.5077    0.8269    0.6621      0.36   0.01903  0.001999         0
    33/999     8.85G  0.009626  0.001645         0   0.01127        82       640    0.5142    0.8151     0.654    0.3554   0.01888  0.002021         0
    34/999     8.85G  0.009602  0.001662         0   0.01126       100       640    0.5354    0.8092    0.6715    0.3672   0.01907  0.002004         0
    35/999     8.85G  0.009599   0.00163         0   0.01123        59       640    0.5204    0.8266     0.663    0.3582    0.0194   0.00199         0
    36/999     8.85G  0.009612  0.001623         0   0.01123        76       640    0.5318     0.819    0.6872    0.3771   0.01893   0.00197         0
    37/999     8.85G  0.009526  0.001633         0   0.01116        69       640    0.5192     0.808    0.6499    0.3515   0.01937  0.002012         0
    38/999     8.85G  0.009436  0.001602         0   0.01104        61       640    0.5218    0.8097    0.6505    0.3552   0.01904  0.002025         0
    39/999     8.85G  0.009402  0.001608         0   0.01101        88       640    0.5243    0.7934    0.6626    0.3593   0.01923  0.002021         0
    40/999     8.85G  0.009369  0.001586         0   0.01095        77       640    0.5293    0.8036    0.6741    0.3664   0.01906  0.001999         0
    41/999     8.85G  0.009349  0.001591         0   0.01094        92       640    0.5419    0.8104    0.6732    0.3689   0.01903  0.001991         0
    42/999     8.85G  0.009301  0.001579         0   0.01088       104       640    0.5464     0.814    0.6797    0.3705   0.01898  0.001987         0
    43/999     8.85G  0.009286   0.00158         0   0.01087        77       640    0.5214    0.8381    0.6645    0.3624    0.0191  0.001981         0
    44/999     8.85G  0.009213  0.001557         0   0.01077       108       640    0.5387    0.8098    0.6592    0.3604   0.01916  0.002016         0
    45/999     8.85G  0.009168  0.001551         0   0.01072        73       640    0.5361    0.8303    0.6584     0.357   0.01917  0.001993         0
    46/999     8.85G  0.009116  0.001551         0   0.01067        87       640     0.522    0.8393    0.6779    0.3688   0.01911  0.001971         0
    47/999     8.85G  0.009142  0.001548         0   0.01069        84       640    0.5178     0.838    0.6778     0.369   0.01907  0.001985         0
    48/999     8.85G  0.009052   0.00153         0   0.01058        65       640    0.5382    0.8291    0.6838    0.3727   0.01904  0.001994         0
    49/999     8.85G  0.009066  0.001533         0    0.0106        92       640    0.5341    0.8347      0.69     0.379   0.01892  0.001983         0
    50/999     8.85G  0.009014   0.00152         0   0.01053        59       640    0.5396    0.8312    0.6989    0.3868   0.01885  0.001971         0
    51/999     8.85G  0.009035  0.001523         0   0.01056        95       640    0.5402    0.8354    0.7026    0.3898   0.01882  0.001966         0
    52/999     8.85G  0.009035  0.001528         0   0.01056        74       640    0.5401    0.8332    0.6977    0.3871   0.01889  0.001959         0
    53/999     8.85G  0.008946  0.001509         0   0.01046        84       640    0.5356    0.8388    0.7018    0.3867   0.01897  0.001945         0
    54/999     8.85G  0.008899  0.001486         0   0.01039        98       640    0.5435    0.8341    0.7025    0.3881   0.01897  0.001956         0
    55/999     8.85G  0.008943  0.001504         0   0.01045       109       640    0.5438    0.8374    0.7003    0.3868   0.01889  0.001962         0
    56/999     8.85G  0.008935  0.001495         0   0.01043        66       640    0.5468    0.8301    0.6967    0.3861   0.01882  0.001983         0
    57/999     8.85G  0.008828  0.001498         0   0.01033        73       640    0.5486    0.8233    0.6828    0.3781   0.01884  0.002014         0
    58/999     8.85G    0.0088  0.001463         0   0.01026       120       640    0.5499    0.8163    0.6728    0.3734   0.01883  0.002038         0
    59/999     8.85G  0.008789  0.001471         0   0.01026        80       640    0.5493     0.825    0.6775    0.3753   0.01875  0.002017         0
    60/999     8.85G  0.008756  0.001468         0   0.01022        82       640    0.5531    0.8278    0.6798    0.3756   0.01869   0.00201         0
    61/999     8.85G  0.008723  0.001457         0   0.01018        72       640    0.5583     0.823    0.6759    0.3723   0.01869  0.002019         0
    62/999     8.85G  0.008724   0.00146         0   0.01018        56       640    0.5607    0.8245    0.6778    0.3728   0.01871  0.002014         0
    63/999     8.85G   0.00867   0.00145         0   0.01012        81       640    0.5653     0.825    0.6847    0.3768   0.01866  0.002003         0
    64/999     8.85G   0.00858  0.001446         0   0.01003        63       640    0.5704     0.829    0.6884    0.3789   0.01864  0.001993         0
    65/999     8.85G  0.008677   0.00143         0   0.01011        66       640    0.5733    0.8265    0.6919     0.381   0.01859  0.001995         0
    66/999     8.85G   0.00868  0.001427         0   0.01011        92       640    0.5738    0.8263    0.6936    0.3806   0.01861  0.001988         0
    67/999     8.85G  0.008583  0.001433         0   0.01002        79       640    0.5754    0.8271    0.6943    0.3819    0.0186  0.001983         0
    68/999     8.85G  0.008524  0.001436         0  0.009959        73       640    0.5755    0.8248    0.6899    0.3795    0.0186  0.001991         0
    69/999     8.85G   0.00847  0.001407         0  0.009877        87       640    0.5755     0.824    0.6888    0.3788   0.01858   0.00199         0
    70/999     8.85G   0.00853  0.001436         0  0.009966        87       640    0.5743    0.8237     0.687    0.3774   0.01858  0.001993         0
    71/999     8.85G  0.008504  0.001418         0  0.009921        77       640    0.5754    0.8217    0.6874    0.3778   0.01858  0.001998         0
    72/999     8.85G  0.008539  0.001409         0  0.009948        69       640    0.5761    0.8207    0.6871    0.3773    0.0186  0.002003         0
    73/999     8.85G  0.008483  0.001411         0  0.009894        86       640    0.5762    0.8211    0.6882    0.3785    0.0186  0.002007         0
    74/999     8.85G  0.008486  0.001397         0  0.009884        88       640    0.5778    0.8199     0.691    0.3795    0.0186   0.00201         0
    75/999     8.85G  0.008407  0.001397         0  0.009804       115       640    0.5788    0.8179    0.6939    0.3815   0.01859  0.002011         0
    76/999     8.85G  0.008397  0.001407         0  0.009804        91       640    0.5799    0.8182    0.6975    0.3836   0.01859  0.002009         0
    77/999     8.85G  0.008403  0.001399         0  0.009802        59       640    0.5797    0.8181     0.698    0.3835   0.01858  0.002009         0
    78/999     8.85G  0.008352    0.0014         0  0.009752        76       640    0.5804    0.8169    0.6979    0.3831   0.01859  0.002011         0
    79/999     8.85G  0.008342  0.001388         0   0.00973        55       640    0.5806    0.8161    0.6988    0.3839   0.01857  0.002011         0
    80/999     8.85G  0.008343  0.001383         0  0.009726        73       640    0.5804    0.8169    0.6979    0.3834   0.01856  0.002012         0
    81/999     8.85G  0.008312   0.00139         0  0.009702        75       640    0.5811    0.8167    0.6972    0.3828   0.01858  0.002015         0
    82/999     8.85G  0.008295   0.00138         0  0.009675       115       640    0.5805    0.8155    0.6957    0.3815   0.01859  0.002019         0
    83/999     8.85G  0.008277  0.001382         0   0.00966        85       640    0.5799     0.814    0.6948    0.3813   0.01859  0.002022         0
    84/999     8.85G  0.008258   0.00137         0  0.009628        45       640     0.579    0.8132    0.6939    0.3808   0.01859  0.002022         0
    85/999     8.85G  0.008227  0.001379         0  0.009607        74       640    0.5786    0.8129    0.6946    0.3811   0.01859  0.002023         0
    86/999     8.85G  0.008271  0.001381         0  0.009653        62       640     0.579    0.8107    0.6957    0.3821   0.01858  0.002023         0
    87/999     8.85G  0.008174  0.001364         0  0.009539        69       640    0.5792    0.8095    0.6965    0.3822   0.01859  0.002023         0
    88/999     8.85G  0.008217  0.001358         0  0.009576        80       640    0.5803    0.8093    0.6968    0.3829   0.01859  0.002024         0
    89/999     8.85G  0.008157  0.001358         0  0.009515        55       640    0.5811    0.8083    0.6972    0.3831    0.0186  0.002025         0
    90/999     8.85G   0.00812  0.001364         0  0.009484        77       640    0.5814    0.8069    0.6978     0.383    0.0186  0.002026         0
    91/999     8.85G  0.008108  0.001353         0  0.009461        94       640    0.5809    0.8043    0.6975    0.3828   0.01859  0.002029         0
    92/999     8.85G  0.008118  0.001335         0  0.009454        88       640      0.58    0.8019    0.6969    0.3824    0.0186  0.002031         0
    93/999     8.85G  0.008135  0.001356         0  0.009491        72       640    0.5807    0.8002    0.6969    0.3824   0.01859  0.002035         0
    94/999     8.85G  0.008085  0.001332         0  0.009418        88       640    0.5818    0.7986    0.6971    0.3822   0.01859  0.002038         0
    95/999     8.85G  0.008094  0.001345         0   0.00944        72       640    0.5822    0.7975    0.6977    0.3825   0.01859   0.00204         0
    96/999     8.85G   0.00807  0.001354         0  0.009424       123       640    0.5822    0.7963    0.6976    0.3824   0.01859  0.002041         0
    97/999     8.85G  0.008075  0.001332         0  0.009407        89       640    0.5831     0.796    0.6977    0.3826    0.0186  0.002042         0
    98/999     8.85G  0.008065   0.00134         0  0.009404        83       640    0.5835    0.7958    0.6978    0.3829   0.01859  0.002043         0
    99/999     8.85G  0.007973  0.001337         0  0.009309        92       640     0.583    0.7947    0.6975    0.3825    0.0186  0.002045         0
   100/999     8.85G  0.007986   0.00133         0  0.009316        70       640    0.5828    0.7932     0.697    0.3822   0.01859  0.002047         0
   101/999     8.85G  0.007971   0.00132         0  0.009291        46       640    0.5826    0.7914    0.6967    0.3821   0.01859   0.00205         0
   102/999     8.85G  0.007983  0.001325         0  0.009308        93       640    0.5832    0.7904    0.6967    0.3821   0.01858  0.002053         0
   103/999     8.85G   0.00794  0.001326         0  0.009265        82       640    0.5842    0.7896    0.6964    0.3824   0.01857  0.002056         0
   104/999     8.85G  0.008004  0.001336         0   0.00934       100       640    0.5853     0.789    0.6963    0.3822   0.01856  0.002058         0
   105/999     8.85G  0.007979  0.001329         0  0.009308        66       640    0.5863     0.788    0.6961    0.3824   0.01854   0.00206         0
   106/999     8.85G  0.007856  0.001287         0  0.009142        57       640    0.5879    0.7872    0.6963    0.3826   0.01853  0.002063         0
   107/999     8.85G  0.007979  0.001325         0  0.009305        86       640    0.5888    0.7862    0.6963    0.3828   0.01853  0.002065         0
   108/999     8.85G  0.007873   0.00131         0  0.009182        60       640    0.5892    0.7847    0.6958    0.3827   0.01853  0.002067         0
   109/999     8.85G  0.007929  0.001295         0  0.009224        80       640    0.5898    0.7832    0.6951    0.3824   0.01853  0.002071         0
   110/999     8.85G  0.007932  0.001307         0  0.009239       109       640    0.5899    0.7822     0.695    0.3823   0.01852  0.002074         0
   111/999     8.85G  0.007883  0.001303         0  0.009186        94       640    0.5908    0.7815     0.695    0.3823   0.01852  0.002077         0
   112/999     8.85G  0.007815  0.001296         0  0.009111        72       640    0.5914    0.7803    0.6945    0.3823   0.01851   0.00208         0
   113/999     8.85G  0.007842  0.001297         0  0.009139        91       640    0.5919    0.7801    0.6944    0.3824   0.01851  0.002083         0
   114/999     8.85G  0.007852  0.001302         0  0.009155        60       640    0.5922    0.7792     0.694    0.3823   0.01851  0.002086         0
   115/999     8.85G  0.007776  0.001282         0  0.009058        85       640    0.5926    0.7781     0.694    0.3824   0.01851  0.002088         0
   116/999     8.85G  0.007804  0.001291         0  0.009095       109       640     0.593    0.7771    0.6936    0.3822    0.0185  0.002092         0
   117/999     8.85G  0.007822  0.001296         0  0.009118        81       640    0.5933    0.7754    0.6926    0.3814   0.01851  0.002097         0
   118/999     8.85G  0.007737  0.001292         0   0.00903        74       640    0.5932    0.7731    0.6921    0.3812    0.0185  0.002101         0
   119/999     8.85G  0.007766  0.001283         0  0.009049        92       640    0.5935     0.772    0.6915    0.3806    0.0185  0.002104         0
   120/999     8.85G  0.007767  0.001281         0  0.009048        43       640    0.5936     0.771    0.6908    0.3803    0.0185  0.002108         0
   121/999     8.85G  0.007805  0.001286         0  0.009091        77       640    0.5936    0.7711    0.6902      0.38    0.0185   0.00211         0
   122/999     8.85G  0.007758  0.001283         0  0.009041        72       640     0.594    0.7707    0.6898    0.3799    0.0185  0.002113         0
   123/999     8.85G  0.007743  0.001267         0   0.00901       102       640    0.5941    0.7703    0.6894    0.3797    0.0185  0.002114         0
   124/999     8.85G  0.007763   0.00128         0  0.009043       124       640    0.5944    0.7707    0.6891    0.3794    0.0185  0.002115         0
   125/999     8.85G  0.007734  0.001266         0     0.009        60       640    0.5946    0.7696    0.6884     0.379   0.01851  0.002118         0
   126/999     8.85G  0.007678  0.001256         0  0.008934        84       640     0.595    0.7694    0.6877    0.3783   0.01851  0.002122         0
   127/999     8.85G  0.007658  0.001253         0  0.008911        51       640     0.595    0.7691    0.6871    0.3778   0.01853  0.002124         0
   128/999     8.85G   0.00766  0.001267         0  0.008927        89       640    0.5952    0.7687    0.6868    0.3777   0.01853  0.002125         0
   129/999     8.85G  0.007635  0.001252         0  0.008888        75       640    0.5954    0.7676    0.6862    0.3772   0.01853  0.002128         0
   130/999     8.85G  0.007643  0.001261         0  0.008904        87       640    0.5953    0.7664    0.6857    0.3766   0.01854  0.002132         0
   131/999     8.85G  0.007694  0.001257         0  0.008951        79       640    0.5956    0.7652    0.6853     0.376   0.01854  0.002135         0
   132/999     8.85G  0.007612   0.00126         0  0.008872        80       640    0.5954    0.7638    0.6846     0.376   0.01854  0.002137         0
   133/999     8.85G   0.00764  0.001255         0  0.008895        74       640    0.5953    0.7615    0.6839    0.3756   0.01853  0.002141         0
   134/999     8.85G  0.007615  0.001251         0  0.008866        70       640    0.5953    0.7619    0.6837    0.3757   0.01853  0.002142         0
   135/999     8.85G  0.007622  0.001258         0   0.00888        67       640    0.5945     0.762    0.6829    0.3753   0.01853  0.002143         0
   136/999     8.85G  0.007586  0.001245         0  0.008831        85       640    0.5945    0.7609    0.6825     0.375   0.01853  0.002145         0
   137/999     8.85G  0.007578  0.001264         0  0.008841        95       640    0.5947    0.7608    0.6825    0.3749   0.01853  0.002146         0
   138/999     8.85G  0.007593  0.001242         0  0.008835        95       640    0.5945    0.7595    0.6817    0.3745   0.01853  0.002149         0
   139/999     8.85G  0.007529  0.001257         0  0.008787        87       640    0.5944    0.7582    0.6804    0.3737   0.01853  0.002153         0
   140/999     8.85G  0.007572  0.001247         0  0.008819        79       640    0.5949    0.7573    0.6797    0.3729   0.01853  0.002156         0
   141/999     8.85G  0.007544  0.001246         0   0.00879        81       640    0.5946    0.7554     0.679    0.3726   0.01853   0.00216         0
   142/999     8.85G  0.007576  0.001255         0  0.008831        77       640    0.5948    0.7554    0.6779    0.3719   0.01853  0.002162         0
   143/999     8.85G  0.007555  0.001241         0  0.008796        88       640    0.5944    0.7556    0.6771    0.3715   0.01853  0.002163         0
   144/999     8.85G  0.007539  0.001228         0  0.008767        79       640     0.594    0.7547    0.6765     0.371   0.01854  0.002164         0
   145/999     8.85G  0.007495  0.001223         0  0.008718        58       640    0.5941    0.7548    0.6757    0.3706   0.01854  0.002166         0
   146/999     8.85G   0.00752   0.00123         0   0.00875        84       640     0.594     0.755    0.6755    0.3703   0.01855  0.002167         0
   147/999     8.85G  0.007475  0.001235         0   0.00871        79       640    0.5943    0.7546    0.6749    0.3699   0.01855  0.002169         0
   148/999     8.85G  0.007497  0.001236         0  0.008733        69       640    0.5944    0.7543    0.6748    0.3697   0.01856   0.00217         0
   149/999     8.85G  0.007494  0.001231         0  0.008725        55       640    0.5946    0.7533    0.6741    0.3695   0.01855  0.002172         0
   150/999     8.85G  0.007499  0.001224         0  0.008723        84       640    0.5947    0.7524     0.674    0.3692   0.01855  0.002174         0
   151/999     8.85G  0.007499  0.001231         0  0.008731        72       640     0.595     0.752    0.6738     0.369   0.01855  0.002175         0
   152/999     8.85G  0.007442  0.001233         0  0.008675        85       640    0.5958    0.7525    0.6738     0.369   0.01856  0.002175         0
   153/999     8.85G  0.007454  0.001202         0  0.008656       113       640    0.5958    0.7535    0.6741     0.369   0.01856  0.002175         0
   154/999     8.85G  0.007411   0.00121         0  0.008621        73       640    0.5966     0.754    0.6744    0.3692   0.01856  0.002174         0
   155/999     8.85G  0.007394  0.001211         0  0.008606        90       640    0.5971    0.7546     0.674    0.3691   0.01856  0.002175         0
   156/999     8.85G  0.007438  0.001212         0   0.00865        91       640    0.5974    0.7539    0.6739     0.369   0.01857  0.002175         0
   157/999     8.85G  0.007388  0.001203         0  0.008591        53       640    0.5978    0.7542    0.6738     0.369   0.01856  0.002177         0
   158/999     8.85G  0.007381  0.001215         0  0.008596        63       640    0.5977    0.7534    0.6738     0.369   0.01857  0.002178         0
   159/999     8.85G  0.007383  0.001215         0  0.008598       105       640    0.5977    0.7545    0.6746    0.3691   0.01858  0.002177         0
   160/999     8.85G  0.007401  0.001197         0  0.008599       110       640    0.5978    0.7546    0.6743     0.369   0.01859  0.002177         0
   161/999     8.85G  0.007367  0.001207         0  0.008574        95       640    0.5985    0.7542    0.6758    0.3694   0.01858  0.002179         0
   162/999     8.85G  0.007356  0.001221         0  0.008577        78       640     0.599    0.7544    0.6757    0.3693   0.01858  0.002181         0
   163/999     8.85G  0.007356  0.001212         0  0.008568        70       640     0.599    0.7549    0.6756    0.3692   0.01858  0.002181         0
   164/999     8.85G  0.007315  0.001205         0  0.008519        88       640     0.599    0.7559     0.676    0.3692   0.01858   0.00218         0
   165/999     8.85G  0.007372  0.001212         0  0.008585        79       640    0.5994    0.7557    0.6759    0.3693   0.01858  0.002182         0
   166/999     8.85G  0.007286  0.001195         0  0.008482        93       640    0.5988     0.754     0.676    0.3694   0.01858  0.002183         0
   167/999     8.85G  0.007257  0.001196         0  0.008453        73       640    0.5985    0.7513    0.6754    0.3692   0.01858  0.002186         0
   168/999     8.85G  0.007301  0.001189         0   0.00849        71       640    0.5997    0.7524    0.6764    0.3694   0.01858  0.002188         0
   169/999     8.85G  0.007317  0.001201         0  0.008518        77       640    0.5992    0.7493    0.6757    0.3695   0.01857  0.002191         0
