      0/79     8.84G   0.03314  0.007121         0   0.04026       101       640         1 0.0001212    0.3858    0.1912   0.02107  0.003972         0
      1/79     8.84G   0.01873  0.005061         0   0.02379        62       640    0.4684   0.02231     0.599    0.3581   0.01727  0.002828         0
      2/79     8.84G   0.01528  0.003793         0   0.01908        98       640    0.3702    0.8777    0.5817    0.2676   0.02153  0.002116         0
      3/79     8.84G   0.01369  0.002998         0   0.01669        78       640     0.351    0.9452    0.6226    0.3342   0.01832  0.001968         0
      4/79     8.85G    0.0128  0.002627         0   0.01543        53       640     0.355    0.9533    0.6601    0.3407   0.01795  0.001845         0
      5/79     8.85G   0.01225  0.002431         0   0.01468        98       640    0.3606    0.9475    0.6318    0.3167    0.0193  0.001755         0
      6/79     8.85G   0.01182  0.002293         0   0.01411        59       640    0.3881    0.9542    0.7061    0.4017   0.01698  0.001671         0
      7/79     8.85G   0.01159  0.002178         0   0.01377        82       640    0.3916    0.9408    0.6613     0.379   0.01713  0.001666         0
      8/79     8.85G    0.0113  0.002122         0   0.01343        84       640    0.4265    0.9242    0.6381    0.3389   0.01831  0.001618         0
      9/79     8.85G   0.01102  0.002065         0   0.01308        85       640    0.4083    0.9381    0.6453    0.3673   0.01696  0.001623         0
     10/79     8.85G   0.01083  0.001983         0   0.01282        87       640    0.4296    0.9256    0.6358      0.34   0.01842  0.001596         0
     11/79     8.85G   0.01066  0.001955         0   0.01261        84       640    0.4334    0.9353    0.6583    0.3704   0.01744   0.00158         0
     12/79     8.85G    0.0105  0.001904         0    0.0124       106       640    0.4492     0.916    0.6528    0.3601   0.01823  0.001586         0
     13/79     8.85G   0.01042  0.001878         0   0.01229        84       640    0.4505    0.9133     0.647    0.3711   0.01763  0.001598         0
     14/79     8.85G   0.01026  0.001857         0   0.01211        73       640    0.4411    0.8999    0.6319    0.3634   0.01759  0.001618         0
     15/79     8.85G   0.01019   0.00183         0   0.01203        70       640    0.4901    0.8813    0.6692    0.3948   0.01744  0.001613         0
     16/79     8.85G  0.009975  0.001794         0   0.01177       112       640    0.4848    0.8902    0.6561      0.38   0.01761  0.001603         0
     17/79     8.85G  0.009902   0.00179         0   0.01169        75       640    0.4802    0.9045    0.6546     0.387    0.0171  0.001586         0
     18/79     8.85G  0.009774  0.001758         0   0.01153       106       640    0.4866    0.8964    0.6631    0.3863   0.01769   0.00158         0
     19/79     8.85G  0.009688   0.00174         0   0.01143        98       640    0.4839    0.8925    0.6707    0.3952   0.01748  0.001591         0
     20/79     8.85G  0.009714  0.001722         0   0.01144        77       640    0.5045    0.8831    0.6624     0.388   0.01748  0.001603         0
     21/79     8.85G  0.009543  0.001706         0   0.01125        91       640    0.5003    0.8818     0.656    0.3867   0.01756  0.001627         0
     22/79     8.85G  0.009496  0.001687         0   0.01118        75       640    0.4883    0.8874    0.6537    0.3806   0.01782  0.001605         0
     23/79     8.85G  0.009348  0.001668         0   0.01102        72       640    0.4894     0.875     0.661    0.3922   0.01756  0.001637         0
     24/79     8.85G  0.009304  0.001654         0   0.01096        83       640    0.5028    0.8813    0.6815    0.4119   0.01736  0.001603         0
     25/79     8.85G   0.00927  0.001656         0   0.01093        76       640    0.5002     0.872    0.6791     0.403   0.01767  0.001623         0
     26/79     8.85G  0.009152  0.001641         0   0.01079        71       640    0.4886    0.8823    0.6597    0.3983   0.01719  0.001614         0
     27/79     8.85G  0.009174  0.001621         0   0.01079        93       640    0.5097     0.872    0.6956    0.4235   0.01731  0.001627         0
     28/79     8.85G  0.009095  0.001597         0   0.01069        93       640    0.5147    0.8715    0.6742    0.4039   0.01737  0.001614         0
     29/79     8.85G  0.009013  0.001614         0   0.01063        81       640     0.514    0.8819    0.6848    0.4117   0.01733  0.001596         0
     30/79     8.85G  0.008938  0.001581         0   0.01052        68       640    0.5274    0.8825    0.6842    0.4059   0.01743  0.001594         0
     31/79     8.85G  0.008933  0.001581         0   0.01051        73       640    0.5254    0.8647    0.6733    0.4121   0.01713   0.00166         0
     32/79     8.85G  0.008924  0.001577         0    0.0105        83       640    0.5133    0.8662    0.6462    0.3895   0.01757  0.001651         0
     33/79     8.85G  0.008781  0.001545         0   0.01033        84       640    0.5101     0.875    0.6525    0.3901   0.01738   0.00162         0
     34/79     8.85G  0.008778  0.001567         0   0.01034       103       640    0.5137    0.8694    0.6507    0.3862   0.01745  0.001619         0
     35/79     8.85G  0.008746  0.001536         0   0.01028        60       640     0.522    0.8737    0.6584     0.392    0.0175   0.00162         0
     36/79     8.85G   0.00872  0.001539         0   0.01026        76       640    0.5237    0.8672    0.6686    0.4092   0.01716  0.001628         0
     37/79     8.85G  0.008654  0.001533         0   0.01019        68       640    0.5267    0.8714    0.6695    0.4067   0.01734  0.001634         0
     38/79     8.85G  0.008634  0.001524         0   0.01016        63       640    0.5275    0.8647    0.6596    0.3957   0.01731  0.001647         0
     39/79     8.85G  0.008567  0.001525         0   0.01009        86       640    0.5203    0.8697    0.6575    0.3931   0.01741  0.001635         0
     40/79     8.85G   0.00855  0.001508         0   0.01006        78       640    0.5218    0.8693    0.6485    0.3947   0.01717  0.001658         0
     41/79     8.85G  0.008541  0.001516         0   0.01006        92       640    0.5227    0.8553     0.644    0.3902   0.01722  0.001685         0
     42/79     8.85G  0.008475  0.001502         0  0.009978       107       640    0.5347    0.8696     0.675    0.4157   0.01703  0.001639         0
     43/79     8.85G  0.008478  0.001493         0  0.009971        77       640    0.5237    0.8653    0.6585    0.4033   0.01707  0.001676         0
     44/79     8.85G  0.008427  0.001486         0  0.009913       105       640    0.5218    0.8523    0.6492    0.3966   0.01735  0.001714         0
     45/79     8.85G  0.008374  0.001484         0  0.009858        70       640    0.5272    0.8493    0.6457    0.3966   0.01715  0.001719         0
     46/79     8.85G  0.008326  0.001484         0   0.00981        86       640    0.5274    0.8577      0.65    0.3989   0.01715    0.0017         0
     47/79     8.85G  0.008355  0.001476         0  0.009832        84       640    0.5213    0.8593    0.6363    0.3906   0.01694  0.001718         0
     48/79     8.85G  0.008289  0.001469         0  0.009758        65       640    0.5186    0.8647      0.64    0.3892   0.01701  0.001705         0
     49/79     8.85G  0.008283  0.001471         0  0.009754        89       640    0.5137    0.8693    0.6418     0.392   0.01711  0.001692         0
     50/79     8.85G   0.00827  0.001456         0  0.009727        62       640    0.5192      0.86    0.6473    0.3981   0.01714  0.001706         0
     51/79     8.85G  0.008284  0.001457         0  0.009741        95       640     0.524    0.8593    0.6523    0.4029   0.01695  0.001697         0
     52/79     8.85G  0.008237  0.001465         0  0.009702        71       640    0.5261    0.8567    0.6537    0.4037   0.01699  0.001699         0
     53/79     8.85G  0.008199  0.001451         0  0.009651        84       640    0.5288    0.8591     0.657    0.4082   0.01691  0.001692         0
     54/79     8.85G  0.008209  0.001431         0  0.009639        96       640     0.527    0.8595    0.6539    0.4055   0.01697  0.001699         0
     55/79     8.85G  0.008178   0.00145         0  0.009629       108       640    0.5266    0.8608    0.6494    0.4014   0.01699  0.001697         0
     56/79     8.85G  0.008192  0.001441         0  0.009633        66       640    0.5281    0.8549    0.6449    0.3986   0.01702  0.001711         0
     57/79     8.85G  0.008159  0.001441         0  0.009601        75       640    0.5289    0.8528    0.6422     0.396   0.01704  0.001721         0
     58/79     8.85G  0.008099  0.001415         0  0.009514       121       640     0.529    0.8511     0.643    0.3971   0.01704  0.001727         0
     59/79     8.85G  0.008132  0.001423         0  0.009556        82       640    0.5244    0.8541    0.6427    0.3972   0.01704  0.001732         0
     60/79     8.85G   0.00807  0.001415         0  0.009485        84       640    0.5231    0.8533    0.6429    0.3965    0.0171  0.001732         0
     61/79     8.85G  0.008103   0.00141         0  0.009512        73       640    0.5265    0.8553    0.6464    0.3989   0.01709  0.001724         0
     62/79     8.85G  0.008084  0.001416         0    0.0095        57       640     0.526    0.8563     0.649    0.4007   0.01707  0.001717         0
     63/79     8.85G  0.008006   0.00141         0  0.009416        81       640    0.5291    0.8591    0.6526    0.4039   0.01703  0.001706         0
     64/79     8.85G  0.008001  0.001413         0  0.009414        63       640      0.53    0.8606    0.6538    0.4045   0.01701    0.0017         0
     65/79     8.85G  0.007983  0.001392         0  0.009375        67       640    0.5299    0.8622    0.6535    0.4039   0.01701  0.001699         0
     66/79     8.85G  0.008029  0.001401         0  0.009429        91       640    0.5298    0.8655    0.6527    0.4033   0.01698  0.001693         0
     67/79     8.85G  0.007994    0.0014         0  0.009394        80       640    0.5318    0.8659    0.6546    0.4049   0.01694   0.00169         0
     68/79     8.85G  0.007949  0.001405         0  0.009354        73       640    0.5314    0.8663    0.6538    0.4043   0.01693  0.001689         0
     69/79     8.85G  0.007967   0.00139         0  0.009357        88       640    0.5314    0.8665    0.6531    0.4039   0.01692  0.001688         0
     70/79     8.85G  0.007976  0.001413         0   0.00939        85       640    0.5321    0.8656    0.6527    0.4036   0.01691  0.001689         0
     71/79     8.85G   0.00798  0.001401         0  0.009381        78       640    0.5326    0.8657    0.6528    0.4036   0.01692  0.001689         0
     72/79     8.85G  0.007956    0.0014         0  0.009356        71       640    0.5315    0.8635    0.6516    0.4029   0.01694  0.001694         0
     73/79     8.85G   0.00794  0.001395         0  0.009335        85       640    0.5312    0.8627    0.6507    0.4023   0.01696  0.001696         0
     74/79     8.85G  0.007946  0.001387         0  0.009333        85       640    0.5307    0.8631    0.6501    0.4016   0.01697  0.001697         0
     75/79     8.85G  0.007937  0.001387         0  0.009324       113       640    0.5304    0.8638    0.6496    0.4012   0.01697  0.001697         0
     76/79     8.85G  0.007918  0.001399         0  0.009318        91       640    0.5299     0.864    0.6494     0.401   0.01697    0.0017         0
     77/79     8.85G  0.007928  0.001392         0   0.00932        57       640    0.5294     0.864    0.6486    0.4003   0.01698  0.001702         0
     78/79     8.85G  0.007883  0.001404         0  0.009286        77       640     0.529    0.8634    0.6475    0.3997   0.01698  0.001704         0
     79/79     8.85G  0.007871  0.001383         0  0.009254        55       640    0.5287    0.8639    0.6475    0.3997   0.01698  0.001705         0
