      0/64     8.17G    0.0355  0.006563         0   0.04206        41       640         0         0    0.3266    0.1299   0.02554  0.003956         0
      1/64     8.86G   0.02105  0.004761         0   0.02582         8       640         1 0.0001846    0.3957    0.1829   0.01983  0.002835         0
      2/64     8.86G   0.01722  0.003697         0   0.02092        17       640    0.3047    0.3676    0.4008      0.18   0.01996  0.002337         0
      3/64     8.86G   0.01541  0.002925         0   0.01833        15       640    0.3176    0.6641    0.3961    0.1774   0.02003  0.002108         0
      4/64     8.86G    0.0145  0.002546         0   0.01705        24       640    0.3344    0.6832    0.4029    0.1667   0.01966  0.002015         0
      5/64     8.86G   0.01381  0.002269         0   0.01608        25       640    0.3014    0.7561    0.3997    0.1736   0.01945  0.001963         0
      6/64     8.86G   0.01333   0.00214         0   0.01547        23       640    0.3197    0.7806    0.4675    0.2074   0.01921  0.001882         0
      7/64     8.86G   0.01278  0.002019         0    0.0148        17       640    0.3453      0.81    0.4812    0.2158   0.01887  0.001831         0
      8/64     8.86G   0.01244  0.001926         0   0.01436        15       640    0.3258    0.8148    0.4884     0.229   0.01901  0.001821         0
      9/64     8.86G   0.01223  0.001865         0    0.0141        13       640    0.3521    0.8189    0.5073    0.2421   0.01861  0.001763         0
     10/64     8.86G   0.01188  0.001805         0   0.01369        23       640    0.3442    0.8543    0.4969    0.2454   0.01849  0.001759         0
     11/64     8.86G   0.01171  0.001746         0   0.01345        18       640    0.3279    0.8504    0.5118    0.2511   0.01862  0.001763         0
     12/64     8.86G   0.01149  0.001701         0   0.01319         9       640    0.3406    0.8414    0.4741    0.2303    0.0187  0.001755         0
     13/64     8.86G   0.01117  0.001684         0   0.01285        19       640    0.3133    0.8628    0.5279    0.2685   0.01854  0.001788         0
     14/64     8.86G   0.01108  0.001665         0   0.01274        36       640    0.3212    0.8401    0.4905    0.2548   0.01878   0.00177         0
     15/64     8.86G   0.01092  0.001633         0   0.01255        14       640    0.3117    0.8558    0.4987    0.2546    0.0188  0.001776         0
     16/64     8.86G   0.01085  0.001623         0   0.01247        18       640    0.3258    0.8431    0.4786    0.2474    0.0186  0.001815         0
     17/64     8.86G   0.01063  0.001609         0   0.01224        18       640    0.3137    0.8527    0.4747    0.2409   0.01872  0.001811         0
     18/64     8.86G   0.01055  0.001551         0    0.0121        33       640    0.3247    0.8375    0.4528    0.2378     0.019  0.001825         0
     19/64     8.86G   0.01043  0.001548         0   0.01198        35       640    0.3314    0.8451    0.4807     0.253   0.01848  0.001821         0
     20/64     8.86G    0.0103   0.00154         0   0.01184        14       640    0.3235    0.8484    0.4967    0.2594   0.01842  0.001786         0
     21/64     8.86G   0.01019  0.001511         0    0.0117        16       640    0.3233    0.8493    0.5108    0.2665   0.01869  0.001794         0
     22/64     8.86G   0.01005  0.001503         0   0.01155        18       640    0.3307    0.8538    0.5208    0.2853   0.01824  0.001776         0
     23/64     8.86G  0.009942  0.001469         0   0.01141        16       640     0.317    0.8571    0.5016    0.2707   0.01852  0.001809         0
     24/64     8.86G  0.009995  0.001491         0   0.01149        19       640    0.3283    0.8468    0.5151    0.2804   0.01849  0.001802         0
     25/64     8.86G  0.009804   0.00146         0   0.01126        13       640    0.3215    0.8552    0.5199    0.2915   0.01843  0.001832         0
     26/64     8.86G   0.00969  0.001449         0   0.01114        18       640    0.3185    0.8493     0.519     0.282   0.01865  0.001825         0
     27/64     8.86G  0.009791  0.001458         0   0.01125        26       640     0.327    0.8547    0.5062    0.2712   0.01847   0.00183         0
     28/64     8.86G  0.009651  0.001418         0   0.01107        20       640    0.3215    0.8516    0.4923    0.2695   0.01844  0.001844         0
     29/64     8.86G  0.009591   0.00141         0     0.011        16       640    0.3204     0.856    0.5104    0.2853   0.01847  0.001862         0
     30/64     8.86G  0.009436  0.001414         0   0.01085        24       640    0.3198     0.848    0.4903    0.2731   0.01851  0.001876         0
     31/64     8.86G  0.009407  0.001396         0    0.0108        25       640    0.3264    0.8418    0.4884    0.2698   0.01864  0.001852         0
     32/64     8.86G  0.009344  0.001379         0   0.01072        17       640    0.3166    0.8469    0.4635    0.2546   0.01861  0.001913         0
     33/64     8.86G  0.009344  0.001397         0   0.01074        32       640    0.3161    0.8479    0.4991    0.2754   0.01837  0.001854         0
     34/64     8.86G  0.009215  0.001369         0   0.01058        27       640    0.3305    0.8364    0.4836    0.2655   0.01856  0.001855         0
     35/64     8.86G  0.009166  0.001366         0   0.01053        15       640    0.3184    0.8475    0.5123    0.2873   0.01833  0.001822         0
     36/64     8.86G  0.009127  0.001362         0   0.01049        13       640    0.3245    0.8421    0.5184    0.2954   0.01838  0.001821         0
     37/64     8.86G  0.009089  0.001341         0   0.01043        15       640     0.331    0.8423    0.5166    0.2909   0.01839  0.001805         0
     38/64     8.86G  0.009057   0.00135         0   0.01041        23       640    0.3276     0.848    0.5262    0.2981   0.01841  0.001805         0
     39/64     8.86G  0.009015  0.001338         0   0.01035        31       640    0.3233     0.848    0.5234     0.296   0.01853  0.001813         0
     40/64     8.86G  0.009002  0.001345         0   0.01035        27       640    0.3246    0.8423    0.5105    0.2846   0.01858  0.001838         0
     41/64     8.86G  0.008976  0.001344         0   0.01032        30       640    0.3306    0.8416     0.512    0.2827   0.01869  0.001841         0
     42/64     8.86G  0.008886  0.001332         0   0.01022         7       640    0.3284    0.8395    0.5071    0.2817   0.01859  0.001847         0
     43/64     8.86G  0.008819  0.001309         0   0.01013        16       640    0.3332    0.8421    0.5133    0.2864    0.0184  0.001837         0
     44/64     8.86G  0.008862  0.001303         0   0.01017        13       640    0.3341    0.8444    0.5075    0.2847   0.01829  0.001849         0
     45/64     8.86G  0.008811  0.001321         0   0.01013        18       640    0.3353     0.846    0.5237    0.2923   0.01847  0.001837         0
     46/64     8.86G  0.008755  0.001303         0   0.01006        19       640    0.3355    0.8447    0.5135    0.2862   0.01843  0.001845         0
     47/64     8.86G  0.008731   0.00129         0   0.01002        23       640    0.3282    0.8445    0.5104    0.2838   0.01854  0.001852         0
     48/64     8.86G  0.008788  0.001315         0    0.0101         6       640    0.3341    0.8492    0.5141    0.2875   0.01843  0.001849         0
     49/64     8.86G  0.008673    0.0013         0  0.009973         5       640    0.3337    0.8534    0.5152    0.2878   0.01834  0.001854         0
     50/64     8.86G  0.008733  0.001298         0   0.01003        14       640     0.337    0.8528    0.5189    0.2912   0.01817  0.001856         0
     51/64     8.86G  0.008696  0.001285         0  0.009981        14       640    0.3325    0.8469    0.5183    0.2905   0.01839  0.001858         0
     52/64     8.86G  0.008624  0.001293         0  0.009917        15       640    0.3287    0.8471    0.5163    0.2909   0.01842  0.001868         0
     53/64     8.86G  0.008636  0.001284         0   0.00992        24       640    0.3328    0.8466    0.5163    0.2904   0.01847   0.00186         0
     54/64     8.86G  0.008612  0.001281         0  0.009893        25       640    0.3278    0.8473    0.5208    0.2928   0.01861  0.001864         0
     55/64     8.86G  0.008586  0.001282         0  0.009868        25       640    0.3276     0.844    0.5184    0.2901   0.01864  0.001874         0
     56/64     8.86G  0.008562   0.00128         0  0.009842         8       640    0.3267    0.8427    0.5158    0.2902   0.01863  0.001885         0
     57/64     8.86G  0.008577  0.001252         0  0.009829        20       640    0.3287    0.8429    0.5226    0.2949   0.01855  0.001879         0
     58/64     8.86G  0.008534  0.001267         0  0.009801         9       640    0.3315    0.8408    0.5226    0.2959    0.0185   0.00188         0
     59/64     8.86G  0.008524  0.001278         0  0.009802         8       640    0.3326    0.8432    0.5282    0.2995   0.01848  0.001869         0
     60/64     8.86G  0.008482  0.001273         0  0.009755        22       640    0.3345    0.8414    0.5266    0.2991   0.01845   0.00187         0
     61/64     8.86G  0.008482  0.001267         0  0.009749        22       640    0.3383    0.8414    0.5268    0.2991   0.01844  0.001867         0
     62/64     8.86G  0.008525  0.001266         0   0.00979        33       640    0.3354    0.8421    0.5277    0.2991   0.01846  0.001871         0
     63/64     8.86G  0.008492  0.001261         0  0.009753        14       640    0.3338    0.8421    0.5277    0.2992   0.01844  0.001873         0
     64/64     8.86G  0.008485  0.001267         0  0.009752        22       640    0.3321    0.8417    0.5237    0.2965   0.01846  0.001878         0
