      0/79     8.23G   0.03504  0.006937         0   0.04198        26       640         1 0.0003042    0.3648    0.1928   0.01523  0.003464         0
      1/79     8.86G   0.01915  0.005159         0   0.02431        39       640         1 0.0003042    0.4305     0.253   0.01256  0.002243         0
      2/79     8.86G   0.01515  0.004109         0   0.01926        68       640    0.5388    0.4827     0.557    0.3887   0.01123  0.001735         0
      3/79     8.86G   0.01382  0.003368         0   0.01718        58       640     0.489    0.8499     0.554    0.3818   0.01178  0.001483         0
      4/79     8.86G   0.01296  0.002954         0   0.01592        63       640    0.4155    0.9315    0.6543    0.4654   0.01077  0.001337         0
      5/79     8.86G   0.01242  0.002647         0   0.01506        49       640    0.4095    0.9401    0.6918    0.4923   0.01054  0.001265         0
      6/79     8.86G   0.01202  0.002461         0   0.01448        42       640     0.438    0.9364    0.7259    0.5202   0.01026  0.001178         0
      7/79     8.86G   0.01176  0.002285         0   0.01405        38       640    0.4468    0.9452    0.7417    0.5251    0.0106  0.001134         0
      8/79     8.86G   0.01155  0.002156         0    0.0137        40       640    0.3978    0.9431    0.7184    0.5114   0.01034  0.001157         0
      9/79     8.86G   0.01114  0.002074         0   0.01322        40       640    0.4498    0.9376     0.744    0.5294   0.01028  0.001103         0
     10/79     8.86G   0.01109  0.002006         0    0.0131        54       640    0.4758    0.9188     0.739    0.5257   0.01051  0.001106         0
     11/79     8.86G   0.01079  0.001908         0    0.0127        52       640    0.4476    0.9312    0.7563    0.5389   0.01024  0.001103         0
     12/79     8.86G   0.01075  0.001899         0   0.01265        26       640    0.4944    0.9191     0.748    0.5337   0.01018  0.001105         0
     13/79     8.86G   0.01052  0.001833         0   0.01235        44       640    0.4626    0.9212    0.7385    0.5154   0.01044  0.001113         0
     14/79     8.86G   0.01038  0.001784         0   0.01216        35       640    0.4618    0.9242    0.7655    0.5394    0.0102  0.001098         0
     15/79     8.86G   0.01027  0.001783         0   0.01206        37       640    0.4843    0.9169    0.7736    0.5474   0.01033  0.001098         0
     16/79     8.86G   0.01024  0.001752         0   0.01199        30       640    0.4449    0.9276    0.7798    0.5492   0.01021  0.001096         0
     17/79     8.86G  0.009983  0.001703         0   0.01169        35       640    0.4801    0.9169    0.7621    0.5395   0.01037  0.001101         0
     18/79     8.86G  0.009901  0.001675         0   0.01158        25       640    0.4335    0.9242    0.7484    0.5356   0.01005  0.001118         0
     19/79     8.86G  0.009863   0.00169         0   0.01155        33       640    0.4551    0.9239    0.7856    0.5623   0.01013  0.001095         0
     20/79     8.86G  0.009756  0.001662         0   0.01142        38       640    0.4576    0.9246    0.7569    0.5432   0.01006    0.0011         0
     21/79     8.86G  0.009684   0.00163         0   0.01131        35       640    0.4823    0.9145    0.7764    0.5581   0.01019  0.001096         0
     22/79     8.86G  0.009543  0.001588         0   0.01113        35       640    0.5055    0.9136     0.761    0.5465   0.01017  0.001088         0
     23/79     8.86G  0.009467  0.001606         0   0.01107        52       640    0.4443    0.9191    0.7737    0.5534   0.01017  0.001111         0
     24/79     8.86G  0.009448  0.001559         0   0.01101        40       640    0.4522    0.9212    0.7754    0.5563   0.01015  0.001108         0
     25/79     8.86G  0.009361  0.001554         0   0.01091        51       640    0.4583    0.9163    0.7649    0.5493    0.0102   0.00111         0
     26/79     8.86G  0.009339  0.001538         0   0.01088        37       640    0.4523    0.9209    0.7808    0.5639   0.01011  0.001096         0
     27/79     8.86G  0.009205  0.001549         0   0.01075        40       640    0.4362    0.9142    0.7463    0.5364    0.0101  0.001147         0
     28/79     8.86G  0.009254  0.001506         0   0.01076        47       640    0.4184     0.923    0.7703    0.5548   0.01008  0.001134         0
     29/79     8.86G  0.009091  0.001513         0    0.0106        42       640    0.4221    0.9185    0.7546     0.543   0.01019   0.00114         0
     30/79     8.86G  0.009168  0.001489         0   0.01066        35       640    0.4404    0.9182    0.7686    0.5529   0.01015  0.001134         0
     31/79     8.86G  0.009053  0.001496         0   0.01055        35       640    0.4345    0.9084    0.7509    0.5364   0.01016  0.001168         0
     32/79     8.86G   0.00894  0.001471         0   0.01041        48       640    0.4471    0.9127    0.7613    0.5445   0.01015  0.001141         0
     33/79     8.86G  0.008875  0.001449         0   0.01032        47       640    0.4515    0.9139    0.7655    0.5507   0.01003  0.001129         0
     34/79     8.86G  0.008839  0.001435         0   0.01027        47       640    0.4621    0.9148    0.7675      0.55   0.01012  0.001133         0
     35/79     8.86G  0.008753  0.001455         0   0.01021        40       640    0.4485    0.9145    0.7673    0.5451    0.0102  0.001141         0
     36/79     8.86G  0.008766  0.001441         0   0.01021        47       640    0.4476    0.9172    0.7663    0.5496   0.01006  0.001131         0
     37/79     8.86G  0.008767  0.001472         0   0.01024        58       640    0.4495    0.9136     0.748    0.5355   0.01008   0.00116         0
     38/79     8.86G  0.008657  0.001439         0    0.0101        71       640    0.4234    0.9127    0.7506     0.538   0.01013  0.001173         0
     39/79     8.86G  0.008613  0.001417         0   0.01003        61       640    0.4228     0.913    0.7414    0.5367   0.01007  0.001173         0
     40/79     8.86G  0.008639  0.001433         0   0.01007        60       640    0.4167    0.9121    0.7482     0.538  0.009978  0.001175         0
     41/79     8.86G  0.008669  0.001419         0   0.01009        56       640    0.4322    0.9172    0.7674     0.554   0.01006  0.001154         0
     42/79     8.86G  0.008604  0.001415         0   0.01002        44       640    0.4327    0.9166    0.7571    0.5418   0.01002  0.001159         0
     43/79     8.86G   0.00848  0.001392         0  0.009872        23       640    0.4313    0.9069    0.7421     0.531   0.01012   0.00118         0
     44/79     8.86G  0.008548  0.001391         0  0.009939        63       640    0.4312    0.9188    0.7526    0.5386   0.01003   0.00116         0
     45/79     8.86G  0.008519  0.001396         0  0.009915        51       640    0.4431    0.9206    0.7686    0.5514   0.01011  0.001144         0
     46/79     8.86G  0.008438  0.001365         0  0.009803        43       640    0.4516    0.9185    0.7527    0.5404   0.01009  0.001148         0
     47/79     8.86G  0.008433  0.001398         0   0.00983        46       640    0.4813    0.9106    0.7535    0.5388   0.01004   0.00115         0
     48/79     8.86G  0.008376  0.001375         0  0.009751        32       640    0.4918     0.913    0.7666    0.5498  0.009987  0.001131         0
     49/79     8.86G  0.008384  0.001365         0  0.009749        69       640    0.4656    0.9154    0.7674    0.5515  0.009972  0.001147         0
     50/79     8.86G  0.008312  0.001345         0  0.009657        41       640     0.467     0.916    0.7582    0.5431   0.01003  0.001151         0
     51/79     8.86G   0.00827  0.001365         0  0.009635        33       640     0.477      0.92    0.7689     0.553   0.01007  0.001129         0
     52/79     8.86G  0.008253  0.001364         0  0.009617        34       640    0.4818    0.9157    0.7659    0.5485   0.01006  0.001131         0
     53/79     8.86G   0.00821  0.001352         0  0.009562        36       640    0.4859    0.9166    0.7675    0.5511   0.01002  0.001122         0
     54/79     8.86G  0.008171  0.001322         0  0.009493        47       640    0.4967    0.9157    0.7605     0.545   0.01005  0.001123         0
     55/79     8.86G   0.00821  0.001367         0  0.009577        58       640    0.4956    0.9133    0.7588    0.5428   0.01007  0.001133         0
     56/79     8.86G  0.008176  0.001345         0  0.009521        39       640    0.4864    0.9127    0.7532    0.5395   0.01005  0.001149         0
     57/79     8.86G  0.008252  0.001363         0  0.009615        25       640    0.4824    0.9127     0.759    0.5418   0.01015  0.001138         0
     58/79     8.86G  0.008133  0.001348         0   0.00948        53       640    0.4833    0.9118    0.7659    0.5458   0.01017  0.001139         0
     59/79     8.86G  0.008195  0.001323         0  0.009518        37       640     0.482     0.913    0.7671     0.547   0.01014  0.001139         0
     60/79     8.86G  0.008142  0.001322         0  0.009464        44       640    0.4777    0.9142    0.7682    0.5506    0.0101  0.001134         0
     61/79     8.86G  0.008013    0.0013         0  0.009313        54       640    0.4793    0.9154    0.7715    0.5523   0.01012  0.001133         0
     62/79     8.86G  0.008022  0.001325         0  0.009347        50       640    0.4761    0.9146    0.7696    0.5488   0.01013  0.001134         0
     63/79     8.86G  0.008128   0.00133         0  0.009458        32       640    0.4744    0.9142    0.7652    0.5469    0.0101  0.001135         0
     64/79     8.86G   0.00807  0.001332         0  0.009402        58       640    0.4714    0.9133    0.7624    0.5458   0.01008  0.001138         0
     65/79     8.86G  0.008065  0.001311         0  0.009376        41       640    0.4772    0.9142    0.7653    0.5488   0.01006  0.001133         0
     66/79     8.86G  0.008034  0.001303         0  0.009337        40       640    0.4763    0.9176    0.7646     0.549   0.01005  0.001131         0
     67/79     8.86G  0.008007  0.001323         0   0.00933        43       640    0.4762    0.9182    0.7651    0.5497   0.01006  0.001132         0
     68/79     8.86G  0.008062  0.001317         0  0.009379        31       640    0.4803    0.9169    0.7653    0.5492    0.0101  0.001131         0
     69/79     8.86G  0.008015  0.001332         0  0.009347        57       640    0.4848    0.9163     0.766    0.5487   0.01009  0.001131         0
     70/79     8.86G  0.008002  0.001317         0   0.00932        52       640    0.4878    0.9142    0.7657    0.5484    0.0101  0.001134         0
     71/79     8.86G  0.007938  0.001308         0  0.009246        46       640    0.4795    0.9151    0.7624     0.545   0.01012  0.001138         0
     72/79     8.86G  0.007969  0.001314         0  0.009283        37       640    0.4811    0.9148    0.7625    0.5451   0.01014   0.00114         0
     73/79     8.86G     0.008  0.001311         0   0.00931        52       640    0.4803    0.9145    0.7609    0.5437   0.01014  0.001143         0
     74/79     8.86G  0.007969  0.001313         0  0.009282        47       640    0.4789    0.9139    0.7593    0.5427   0.01013  0.001147         0
     75/79     8.86G  0.007904  0.001295         0  0.009199        40       640     0.478    0.9133    0.7603    0.5431   0.01013  0.001146         0
     76/79     8.86G  0.008009  0.001308         0  0.009316        45       640    0.4825    0.9136      0.76    0.5427   0.01012  0.001145         0
     77/79     8.86G  0.007949  0.001291         0   0.00924        55       640    0.4846    0.9133    0.7614    0.5434   0.01012   0.00114         0
     78/79     8.86G  0.007974  0.001299         0  0.009273        61       640    0.4851    0.9126    0.7597    0.5427   0.01012  0.001141         0
     79/79     8.86G  0.007974  0.001295         0  0.009269        61       640    0.4853     0.913      0.76    0.5427   0.01011   0.00114         0
